1 1 1 1
2 2 1 2
3 1 1 1
4 2 1 2
5 1 2 1
6 2 2 2
7 1 2 1
8 2 2 2
9 1 2 1
10 3 1 3 
11 4 1 1 
12 3 2 1 
13 4 1 1 
14 3 2 1 
15 4 2 2 
16 3 1 2 
17 4 2 2 
18 3 1 2 
19 4 2 2 
20 2 2 3 
21 2 1 3 
22 1 2 3 
23 2 1 3 
24 1 2 3 
25 2 1 1 
26 1 2 1 
27 2 1 1 
28 1 2 1 
29 2 1 2 
30 1 2 2 
31 2 1 2 
32 4 1 3 
33 3 2 3 
34 4 1 3 
35 3 2 3 
36 4 1 3 
37 3 2 3 
38 4 1 4 
39 3 2 4 
40 4 1 1 
41 3 2 1 
42 4 2 2 
43 3 1 2 
44 1 1 3 
45 2 1 4 
46 1 2 4 
47 2 1 4 
48 1 2 4 
49 2 1 4 
50 1 2 4 
51 3 2 3 
52 3 1 4 
53 4 2 4 
54 3 1 4 
55 4 2 4 
56 3 1 4 
57 4 2 4 
58 2 1 5 
59 1 2 5 
60 2 1 5 
61 1 2 5 
62 2 1 5 
63 3 2 5 
64 4 1 5 
65 3 2 5 
66 4 1 5 
67 3 2 5 
68 4 1 5 
69 2 2 5 
70 1 1 5 
71 2 2 5 
72 1 1 5 
